<?xml version="1.0"?>
<opencv_storage>
<contours type_id="opencv-sequence-tree">
  <sequences>
    <_ type_id="opencv-sequence">
      <level>0</level>
      <flags>"closed curve"</flags>
      <count>37</count>
      <dt>"2i"</dt>
      <rect><x>1</x>
        <y>366</y>
        <width>17</width>
        <height>69</height></rect>
      <color>0</color>
      <data>
        1 366 1 434 2 434 3 433 4 433 7 430 8 430 8 429 11 426 11 425 12
        424 12 423 13 422 13 421 14 420 14 418 15 417 15 414 16 413 16
        408 17 407 17 393 16 392 16 387 15 386 15 384 14 383 14 381 13
        380 13 379 12 378 12 376 10 374 10 373 4 367 3 367 2 366</data></_>
    <_ type_id="opencv-sequence">
      <level>0</level>
      <flags>"closed curve"</flags>
      <count>45</count>
      <dt>"2i"</dt>
      <rect><x>473</x>
        <y>365</y>
        <width>26</width>
        <height>71</height></rect>
      <color>0</color>
      <data>
        491 365 490 366 488 366 487 367 486 367 480 373 480 374 478 376
        478 378 477 379 477 380 476 381 476 383 475 384 475 386 474 387
        474 392 473 393 473 407 474 408 474 413 475 414 475 417 476 418
        476 420 477 421 477 422 478 423 478 424 479 425 479 426 482 429
        482 430 483 430 486 433 487 433 488 434 490 434 491 435 496 435
        497 434 498 434 498 366 497 366 496 365</data></_>
    <_ type_id="opencv-sequence">
      <level>0</level>
      <flags>"closed curve"</flags>
      <count>78</count>
      <dt>"2i"</dt>
      <rect><x>223</x>
        <y>365</y>
        <width>45</width>
        <height>71</height></rect>
      <color>0</color>
      <data>
        241 365 240 366 238 366 237 367 236 367 230 373 230 374 228 376
        228 378 227 379 227 380 226 381 226 383 225 384 225 386 224 387
        224 392 223 393 223 407 224 408 224 413 225 414 225 417 226 418
        226 420 227 421 227 422 228 423 228 424 229 425 229 426 232 429
        232 430 233 430 236 433 237 433 238 434 240 434 241 435 250 435
        251 434 252 434 253 433 254 433 257 430 258 430 258 429 261 426
        261 425 262 424 262 423 263 422 263 421 264 420 264 418 265 417
        265 414 266 413 266 408 267 407 267 393 266 392 266 387 265 386
        265 384 264 383 264 381 263 380 263 379 262 378 262 376 260 374
        260 373 254 367 253 367 252 366 251 366 250 365</data></_>
    <_ type_id="opencv-sequence">
      <level>0</level>
      <flags>"closed curve"</flags>
      <count>240</count>
      <dt>"2i"</dt>
      <rect><x>270</x>
        <y>330</y>
        <width>201</width>
        <height>141</height></rect>
      <color>0</color>
      <data>
        360 330 359 331 350 331 349 332 344 332 343 333 340 333 339 334
        336 334 335 335 332 335 331 336 329 336 328 337 326 337 325 338
        323 338 322 339 320 339 319 340 318 340 317 341 316 341 315 342
        314 342 313 343 312 343 311 344 310 344 309 345 308 345 307 346
        306 346 305 347 304 347 302 349 301 349 299 351 298 351 296 353
        295 353 283 365 283 366 279 370 279 371 278 372 278 373 276 375
        276 377 275 378 275 379 274 380 274 381 273 382 273 384 272 385
        272 388 271 389 271 393 270 394 270 406 271 407 271 411 272 412
        272 415 273 416 273 418 274 419 274 420 275 421 275 422 276 423
        276 424 277 425 277 426 278 427 278 428 279 429 279 430 282 433
        282 434 295 447 296 447 298 449 299 449 301 451 302 451 304 453
        305 453 306 454 307 454 308 455 309 455 310 456 311 456 312 457
        313 457 314 458 315 458 316 459 317 459 318 460 319 460 320 461
        322 461 323 462 325 462 326 463 328 463 329 464 331 464 332 465
        335 465 336 466 339 466 340 467 343 467 344 468 349 468 350 469
        359 469 360 470 381 470 382 469 389 469 390 468 396 468 397 467
        401 467 402 466 404 466 405 465 408 465 409 464 411 464 412 463
        414 463 415 462 417 462 418 461 420 461 421 460 422 460 423 459
        424 459 425 458 427 458 429 456 430 456 431 455 432 455 433 454
        434 454 435 453 436 453 439 450 440 450 441 449 442 449 445 446
        446 446 458 434 458 433 461 430 461 429 462 428 462 427 463 426
        463 425 464 424 464 423 465 422 465 421 466 420 466 419 467 418
        467 416 468 415 468 412 469 411 469 407 470 406 470 394 469 393
        469 389 468 388 468 385 467 384 467 382 466 381 466 380 465 379
        465 378 464 377 464 375 462 373 462 372 461 371 461 370 457 366
        457 365 446 354 445 354 442 351 441 351 440 350 439 350 436 347
        435 347 434 346 433 346 432 345 431 345 430 344 429 344 427 342
        425 342 424 341 423 341 422 340 421 340 420 339 418 339 417 338
        415 338 414 337 412 337 411 336 409 336 408 335 405 335 404 334
        402 334 401 333 397 333 396 332 390 332 389 331 382 331 381 330</data></_>
    <_ type_id="opencv-sequence">
      <level>1</level>
      <flags>"closed hole curve"</flags>
      <count>68</count>
      <dt>"2i"</dt>
      <rect><x>329</x>
        <y>439</y>
        <width>83</width>
        <height>23</height></rect>
      <color>0</color>
      <data>
        357 440 358 439 382 439 383 440 391 440 392 441 396 441 397 442
        400 442 401 443 403 443 404 444 406 444 408 446 409 446 410 447
        410 448 411 449 411 451 410 452 410 453 409 454 408 454 406 456
        404 456 403 457 401 457 400 458 397 458 396 459 392 459 391 460
        383 460 382 461 358 461 357 460 349 460 348 459 344 459 343 458
        340 458 339 457 337 457 336 456 335 456 334 455 333 455 332 454
        331 454 330 453 330 452 329 451 329 449 330 448 330 447 331 446
        332 446 333 445 334 445 335 444 336 444 337 443 339 443 340 442
        343 442 344 441 348 441 349 440</data></_>
    <_ type_id="opencv-sequence">
      <level>1</level>
      <flags>"closed hole curve"</flags>
      <count>24</count>
      <dt>"2i"</dt>
      <rect><x>359</x>
        <y>394</y>
        <width>23</width>
        <height>13</height></rect>
      <color>0</color>
      <data>
        365 395 366 394 374 394 375 395 377 395 379 397 380 397 381 398
        381 402 380 403 379 403 377 405 375 405 374 406 366 406 365 405
        364 405 363 404 361 404 359 402 359 398 361 396 363 396 364 395</data></_>
    <_ type_id="opencv-sequence">
      <level>1</level>
      <flags>"closed hole curve"</flags>
      <count>72</count>
      <dt>"2i"</dt>
      <rect><x>374</x>
        <y>349</y>
        <width>63</width>
        <height>43</height></rect>
      <color>0</color>
      <data>
        398 350 399 349 411 349 412 350 416 350 417 351 419 351 420 352
        421 352 422 353 423 353 424 354 425 354 427 356 428 356 433 361
        433 362 435 364 435 366 436 367 436 373 435 374 435 376 434 377
        434 378 428 384 427 384 425 386 424 386 423 387 422 387 421 388
        420 388 419 389 417 389 416 390 412 390 411 391 399 391 398 390
        394 390 393 389 391 389 390 388 389 388 388 387 387 387 386 386
        385 386 384 385 383 385 376 378 376 377 375 376 375 374 374 373
        374 367 375 366 375 364 377 362 377 361 383 355 384 355 385 354
        386 354 387 353 388 353 389 352 390 352 391 351 393 351 394 350</data></_>
    <_ type_id="opencv-sequence">
      <level>2</level>
      <flags>"closed curve"</flags>
      <count>55</count>
      <dt>"2i"</dt>
      <rect><x>390</x>
        <y>355</y>
        <width>31</width>
        <height>31</height></rect>
      <color>0</color>
      <data>
        402 355 401 356 399 356 398 357 397 357 395 359 394 359 394 360
        392 362 392 363 391 364 391 366 390 367 390 374 391 375 391 376
        392 377 392 378 393 379 393 380 394 381 395 381 397 383 398 383
        399 384 401 384 402 385 409 385 410 384 411 384 412 383 413 383
        414 382 415 382 417 380 417 379 418 378 418 377 419 376 419 375
        420 374 420 367 419 366 419 364 418 363 418 362 416 360 416 359
        415 358 414 358 413 357 412 357 411 356 410 356 409 355</data></_>
    <_ type_id="opencv-sequence">
      <level>3</level>
